5 3 0.64 0.65 4
6 3 0.64 0.65 4
7 3 0.64 0.65 4
8 3 0.64 0.65 4
9 3 0.64 0.65 4

5 4 0.5 0.75 4
6 4 0.5 0.75 4
7 4 0.5 0.75 4
8 4 0.5 0.75 4
9 4 0.5 0.75 4

5 5 0.42 0.88 4
6 5 0.42 0.88 4
7 5 0.42 0.88 4
8 5 0.42 0.88 4
9 5 0.42 0.88 4

5 6 0.34 0.83 4
6 6 0.34 0.83 4
7 6 0.34 0.83 4
8 6 0.34 0.83 4
9 6 0.34 0.83 4

5 7 0.29 0.78 4
6 7 0.29 0.78 4
7 7 0.29 0.78 4
8 7 0.29 0.78 4
9 7 0.29 0.78 4

5 8 0.46 0.7 4
6 8 0.46 0.7 4
7 8 0.46 0.7 4
8 8 0.46 0.7 4
9 8 0.46 0.7 4

5 9 0.53 0.54 4
6 9 0.53 0.54 4
7 9 0.53 0.54 4
8 9 0.53 0.54 4
9 9 0.53 0.54 4
