4 5 0.58 0.6 4
4 6 0.58 0.6 4
4 7 0.58 0.6 4
4 8 0.58 0.6 4
4 9 0.58 0.6 4

5 5 0.5 0.67 4
5 6 0.5 0.67 4
5 7 0.5 0.67 4
5 8 0.5 0.67 4
5 9 0.5 0.67 4
6 5 0.4 0.77 4
6 6 0.4 0.77 4
6 7 0.4 0.77 4
6 8 0.4 0.77 4
6 9 0.4 0.77 4
7 5 0.3 0.87 4
7 6 0.3 0.87 4
7 7 0.3 0.87 4
7 8 0.3 0.87 4
7 9 0.3 0.87 4

8 5 0.4 0.77 4
8 6 0.4 0.77 4
8 7 0.4 0.77 4
8 8 0.4 0.77 4
8 9 0.4 0.77 4
9 5 0.5 0.67 4
9 6 0.5 0.67 4
9 7 0.5 0.67 4
9 8 0.5 0.67 4
9 9 0.5 0.67 4

10 5 0.58 0.6 4
10 6 0.58 0.6 4
10 7 0.58 0.6 4
10 8 0.58 0.6 4
10 9 0.58 0.6 4
