5 13 0.64 0.65 4
6 13 0.64 0.65 4
7 13 0.64 0.65 4
8 13 0.64 0.65 4
9 13 0.64 0.65 4

5 12 0.5 0.75 4
6 12 0.5 0.75 4
7 12 0.5 0.75 4
8 12 0.5 0.75 4
9 12 0.5 0.75 4

5 11 0.42 0.88 4
6 11 0.42 0.88 4
7 11 0.42 0.88 4
8 11 0.42 0.88 4
9 11 0.42 0.88 4

5 10 0.34 0.83 4
6 10 0.34 0.83 4
7 10 0.34 0.83 4
8 10 0.34 0.83 4
9 10 0.34 0.83 4

5 9 0.29 0.78 4
6 9 0.29 0.78 4
7 9 0.29 0.78 4
8 9 0.29 0.78 4
9 9 0.29 0.78 4

5 8 0.46 0.7 4
6 8 0.46 0.7 4
7 8 0.46 0.7 4
8 8 0.46 0.7 4
9 8 0.46 0.7 4

5 7 0.53 0.54 4
6 7 0.53 0.54 4
7 7 0.53 0.54 4
8 7 0.53 0.54 4
9 7 0.53 0.54 4
