5 12 0.58 0.6 4
6 12 0.58 0.6 4
7 12 0.58 0.6 4
8 12 0.58 0.6 4
9 12 0.58 0.6 4

5 11 0.5 0.67 4
6 11 0.5 0.67 4
7 11 0.5 0.67 4
8 11 0.5 0.67 4
9 11 0.5 0.67 4

5 10 0.4 0.77 4
6 10 0.4 0.77 4
7 10 0.4 0.77 4
8 10 0.4 0.77 4
9 10 0.4 0.77 4

5 9 0.3 0.87 4
6 9 0.3 0.87 4
7 9 0.3 0.87 4
8 9 0.3 0.87 4
9 9 0.3 0.87 4

5 8 0.4 0.77 4
6 8 0.4 0.77 4
7 8 0.4 0.77 4
8 8 0.4 0.77 4
9 8 0.4 0.77 4

5 7 0.5 0.67 4
6 7 0.5 0.67 4
7 7 0.5 0.67 4
8 7 0.5 0.67 4
9 7 0.5 0.67 4

5 6 0.58 0.6 4
6 6 0.58 0.6 4
7 6 0.58 0.6 4
8 6 0.58 0.6 4
9 6 0.58 0.6 4
