5 8 0.58 0.6 4
6 8 0.58 0.6 4
7 8 0.58 0.6 4
8 8 0.58 0.6 4
9 8 0.58 0.6 4

5 7 0.5 0.67 4
6 7 0.5 0.67 4
7 7 0.5 0.67 4
8 7 0.5 0.67 4
9 7 0.5 0.67 4

5 6 0.4 0.77 4
6 6 0.4 0.77 4
7 6 0.4 0.77 4
8 6 0.4 0.77 4
9 6 0.4 0.77 4

5 5 0.3 0.87 4
6 5 0.3 0.87 4
7 5 0.3 0.87 4
8 5 0.3 0.87 4
9 5 0.3 0.87 4

5 4 0.4 0.77 4
6 4 0.4 0.77 4
7 4 0.4 0.77 4
8 4 0.4 0.77 4
9 4 0.4 0.77 4

5 3 0.5 0.67 4
6 3 0.5 0.67 4
7 3 0.5 0.67 4
8 3 0.5 0.67 4
9 3 0.5 0.67 4

5 2 0.58 0.6 4
6 2 0.58 0.6 4
7 2 0.58 0.6 4
8 2 0.58 0.6 4
9 2 0.58 0.6 4
