5 7 0.64 0.65 4
6 7 0.64 0.65 4
7 7 0.64 0.65 4
8 7 0.64 0.65 4
9 7 0.64 0.65 4

5 6 0.5 0.75 4
6 6 0.5 0.75 4
7 6 0.5 0.75 4
8 6 0.5 0.75 4
9 6 0.5 0.75 4

5 5 0.42 0.88 4
6 5 0.42 0.88 4
7 5 0.42 0.88 4
8 5 0.42 0.88 4
9 5 0.42 0.88 4

5 4 0.34 0.83 4
6 4 0.34 0.83 4
7 4 0.34 0.83 4
8 4 0.34 0.83 4
9 4 0.34 0.83 4

5 3 0.29 0.78 4
6 3 0.29 0.78 4
7 3 0.29 0.78 4
8 3 0.29 0.78 4
9 3 0.29 0.78 4

5 2 0.46 0.7 4
6 2 0.46 0.7 4
7 2 0.46 0.7 4
8 2 0.46 0.7 4
9 2 0.46 0.7 4

5 1 0.53 0.54 4
6 1 0.53 0.54 4
7 1 0.53 0.54 4
8 1 0.53 0.54 4
9 1 0.53 0.54 4
