7 7 0.5 0.51 2

7 6 0.5 0.51 0
7 8 0.5 0.51 0
6 7 0.5 0.51 2
6 6 0.44 0.45 1
6 6 0.53 0.55 2
6 8 0.47 0.48 3
6 8 0.52 0.54 4

7 5 0.43 0.45 2
7 5 0.48 0.51 5
7 5 0.58 0.59 9
7 9 0.4 0.41 3
7 9 0.5 0.51 8
7 9 0.55 0.56 6
6 5 0.42 0.45 1
6 5 0.46 0.47 10
6 5 0.55 0.56 8
6 9 0.48 0.49 7
6 9 0.49 0.50 9
6 9 0.58 0.6 11
5 5 0.39 0.41 4
5 5 0.5 0.51 4
5 5 0.55 0.58 9
5 6 0.41 0.42 0
5 6 0.54 0.55 6
5 6 0.56 0.57 4
5 7 0.44 0.45 1
5 7 0.48 0.5 2
5 7 0.55 0.58 3
5 8 0.4 0.42 12
5 8 0.5 0.52 2
5 8 0.56 0.58 12
5 9 0.49 0.5 3
5 9 0.52 0.53 6
5 9 0.59 0.6 7

8 7 0.5 0.51 0
8 6 0.53 0.55 1
8 6 0.46 0.48 2
8 8 0.45 0.47 2
8 8 0.53 0.55 3

8 5 0.41 0.42 11
8 5 0.43 0.45 13
8 5 0.57 0.6 1
8 9 0.5 0.51 2
8 9 0.55 0.56 12
8 9 0.59 0.6 13
9 5 0.4 0.42 8
9 5 0.44 0.45 7
9 5 0.53 0.54 4
9 6 0.42 0.43 2
9 6 0.44 0.46 6
9 6 0.55 0.56 10
9 7 0.46 0.47 3
9 7 0.5 0.51 4
9 7 0.57 0.59 0
9 8 0.39 0.4 4
9 8 0.47 0.48 9
9 8 0.53 0.54 8
9 9 0.44 0.45 1
9 9 0.56 0.57 4
9 9 0.59 0.6 2

