7 7 0.5 0.51 2

7 6 0.5 0.51 0
7 8 0.5 0.51 0
6 7 0.5 0.51 2
6 6 0.44 0.45 1
6 6 0.53 0.55 2
6 8 0.47 0.48 3
6 8 0.52 0.54 4

7 5 0.43 0.45 2
7 5 0.48 0.51 5
7 5 0.58 0.59 9
7 9 0.4 0.41 3
7 9 0.5 0.51 8
7 9 0.55 0.56 6
6 5 0.42 0.45 1
6 5 0.46 0.47 10
6 5 0.55 0.56 8
6 9 0.48 0.49 7
6 9 0.49 0.50 9
6 9 0.58 0.6 11
5 5 0.39 0.41 4
5 5 0.5 0.51 4
5 5 0.55 0.58 9
5 6 0.41 0.42 0
5 6 0.54 0.55 6
5 6 0.56 0.57 4
5 7 0.44 0.45 1
5 7 0.48 0.5 2
5 7 0.55 0.58 3
5 8 0.4 0.42 12
5 8 0.5 0.52 2
5 8 0.56 0.58 12
5 9 0.49 0.5 3
5 9 0.52 0.53 6
5 9 0.59 0.6 7

7 4 0.34 0.35 1
7 4 0.4 0.41 2
7 4 0.49 0.51 4
7 4 0.6 0.61 6
7 10 0.3 0.31 8
7 10 0.4 0.41 2
7 10 0.5 0.51 12
7 10 0.53 0.55 11
6 4 0.42 0.44 1
6 4 0.5 0.52 0
6 4 0.55 0.56 13
6 4 0.62 0.63 10
6 10 0.35 0.36 1
6 10 0.43 0.44 5
6 10 0.55 0.56 6
6 10 0.65 0.66 4
5 4 0.31 0.32 6
5 4 0.37 0.39 8
5 4 0.41 0.43 4
5 4 0.6 0.62 3 
5 10 0.4 0.41 9
5 10 0.43 0.44 10
5 10 0.52 0.53 9
5 10 0.69 0.7 11
4 4 0.3 0.31 13
4 4 0.35 0.37 3
4 4 0.47 0.48 2
4 4 0.49 0.5 5
4 4 0.63 0.65 1
4 5 0.35 0.36 1
4 5 0.44 0.45 10
4 5 0.49 0.5 2
4 5 0.6 0.61 13
4 5 0.69 0.7 8
4 6 0.3 0.32 5
4 6 0.39 0.41 2
4 6 0.48 0.49 9
4 6 0.6 0.61 12
4 6 0.66 0.67 11
4 7 0.38 0.39 6
4 7 0.47 0.48 9
4 7 0.55 0.57 8
4 7 0.68 0.69 1
4 7 0.69 0.7 0
4 8 0.3 0.33 10
4 8 0.48 0.5 9
4 8 0.52 0.54 7
4 8 0.66 0.67 10
4 8 0.7 0.71 4
4 9 0.3 0.31 4
4 9 0.34 0.35 2
4 9 0.39 0.41 6
4 9 0.5 0.52 5
4 9 0.6 0.61 3
4 10 0.43 0.44 12
4 10 0.48 0.49 13
4 10 0.61 0.62 2
4 10 0.65 0.66 3
4 10 0.68 0.7 7

7 3 0.2 0.21 5
7 3 0.35 0.36 10
7 3 0.45 0.46 2
7 3 0.5 0.52 4
7 3 0.7 0.71 1
7 3 0.8 0.81 4
7 11 0.24 0.26 12
7 11 0.4 0.41 2
7 11 0.46 0.47 9
7 11 0.58 0.59 8
7 11 0.7 0.71 3
7 11 0.79 0.8 6
6 3 0.32 0.33 3
6 3 0.37 0.38 11
6 3 0.47 0.49 0
6 3 0.57 0.58 9
6 3 0.67 0.68 2
6 3 0.71 0.72 4
6 11 0.2 0.21 4
6 11 0.3 0.31 5
6 11 0.4 0.42 10
6 11 0.5 0.52 3
6 11 0.6 0.62 10
6 11 0.74 0.75 2
5 3 0.19 0.2 4
5 3 0.29 0.3 3
5 3 0.53 0.54 11
5 3 0.6 0.61 2
5 3 0.71 0.72 10
5 3 0.81 0.83 9
5 11 0.22 0.23 11
5 11 0.39 0.4 12
5 11 0.58 0.59 13
5 11 0.8 0.81 5
5 11 0.83 0.84 8
5 11 0.7 0.71 3
4 3 0.2 0.23 3
4 3 0.3 0.31 4
4 3 0.42 0.44 5
4 3 0.49 0.5 2
4 3 0.7 0.71 1
4 3 0.78 0.79 6
4 11 0.2 0.21 4
4 11 0.4 0.42 13
4 11 0.52 0.53 0
4 11 0.7 0.71 2
4 11 0.78 0.79 4
4 11 0.83 0.85 9
3 3 0.18 0.19 2
3 3 0.23 0.24 0
3 3 0.29 0.3 8
3 3 0.5 0.51 2
3 3 0.57 0.59 4
3 3 0.7 0.71 11
3 3 0.8 0.81 10
3 4 0.3 0.31 2
3 4 0.38 0.4 3
3 4 0.49 0.5 9
3 4 0.59 0.6 10
3 4 0.64 0.65 13
3 4 0.77 0.78 0
3 4 0.83 0.84 6
3 5 0.17 0.19 5
3 5 0.25 0.27 10
3 5 0.4 0.41 7
3 5 0.47 0.5 0
3 5 0.61 0.62 5
3 5 0.7 0.71 2
3 5 0.8 0.81 8
3 6 0.15 0.16 3
3 6 0.19 0.2 9
3 6 0.5 0.51 4
3 6 0.69 0.7 1
3 6 0.79 0.81 4
3 6 0.83 0.84 2
3 6 0.87 0.88 3
3 7 0.15 0.16 4
3 7 0.35 0.36 0
3 7 0.38 0.4 11
3 7 0.49 0.5 13
3 7 0.57 0.58 12
3 7 0.69 0.7 13
3 7 0.77 0.78 10
3 8 0.3 0.31 2
3 8 0.37 0.38 9
3 8 0.48 0.49 0
3 8 0.57 0.58 1
3 8 0.62 0.63 4
3 8 0.78 0.79 12
3 8 0.82 0.84 5
3 9 0.19 0.2 8 
3 9 0.25 0.26 9
3 9 0.36 0.37 13
3 9 0.47 0.48 11
3 9 0.52 0.53 9
3 9 0.58 0.59 4
3 9 0.7 0.71 4
3 10 0.12 0.13 6
3 10 0.26 0.27 11
3 10 0.39 0.4 10
3 10 0.56 0.57 10
3 10 0.66 0.67 2
3 10 0.75 0.77 0
3 10 0.81 0.82 5
3 11 0.11 0.13 9
3 11 0.19 0.2 10
3 11 0.3 0.31 5
3 11 0.37 0.38 10
3 11 0.5 0.51 2
3 11 0.6 0.61 0
3 11 0.77 0.8 10


8 7 0.5 0.51 0
8 6 0.53 0.55 1
8 6 0.46 0.48 2
8 8 0.45 0.47 2
8 8 0.53 0.55 3

8 5 0.41 0.42 11
8 5 0.43 0.45 13
8 5 0.57 0.6 1
8 9 0.5 0.51 2
8 9 0.55 0.56 12
8 9 0.59 0.6 13
9 5 0.4 0.42 8
9 5 0.44 0.45 7
9 5 0.53 0.54 4
9 6 0.42 0.43 2
9 6 0.44 0.46 6
9 6 0.55 0.56 10
9 7 0.46 0.47 3
9 7 0.5 0.51 4
9 7 0.57 0.59 0
9 8 0.39 0.4 4
9 8 0.47 0.48 9
9 8 0.53 0.54 8
9 9 0.44 0.45 1
9 9 0.56 0.57 4
9 9 0.59 0.6 2

8 4 0.34 0.35 2
8 4 0.48 0.5 12
8 4 0.52 0.53 7
8 4 0.59 0.6 8
8 10 0.3 0.31 1
8 10 0.39 0.4 0
8 10 0.49 0.5 12
8 10 0.59 0.6 2
9 4 0.48 0.49 5
9 4 0.57 0.58 10
9 4 0.61 0.62 11
9 4 0.68 0.69 4
9 10 0.34 0.35 5
9 10 0.41 0.42 9
9 10 0.57 0.58 12
9 10 0.62 0.64 1
10 4 0.3 0.31 2
10 4 0.39 0.4 10
10 4 0.44 0.45 9
10 4 0.58 0.59 8
10 4 0.67 0.69 5
10 5 0.32 0.33 9
10 5 0.47 0.49 0
10 5 0.52 0.53 3
10 5 0.6 0.61 0
10 5 0.69 0.7 2
10 6 0.3 0.31 0
10 6 0.5 0.52 1
10 6 0.65 0.66 12
10 6 0.67 0.68 11
10 6 0.7 0.71 6
10 7 0.3 0.32 7
10 7 0.4 0.41 5
10 7 0.44 0.45 0
10 7 0.59 0.6 1
10 7 0.62 0.63 2
10 8 0.34 0.35 9
10 8 0.39 0.4 6
10 8 0.42 0.43 10
10 8 0.57 0.58 13
10 8 0.69 0.71 11
10 9 0.33 0.34 0
10 9 0.38 0.39 12
10 9 0.46 0.48 9
10 9 0.58 0.6 4
10 9 0.66 0.67 3
10 10 0.3 0.31 2
10 10 0.34 0.35 6
10 10 0.41 0.42 10
10 10 0.55 0.56 3
10 10 0.68 0.7 4


8 3 0.2 0.21 0
8 3 0.34 0.35 1
8 3 0.5 0.51 2
8 3 0.58 0.59 3
8 3 0.6 0.61 4
8 3 0.77 0.78 5
8 11 0.22 0.23 6
8 11 0.33 0.35 10
8 11 0.44 0.45 2
8 11 0.49 0.5 0
8 11 0.59 0.6 11
8 11 0.66 0.67 2
8 11 0.72 0.73 13
9 3 0.14 0.15 2
9 3 0.19 0.2 12
9 3 0.4 0.41 1 
9 3 0.5 0.52 8
9 3 0.6 0.61 6
9 3 0.68 0.69 5
9 11 0.3 0.31 5
9 11 0.5 0.52 2
9 11 0.7 0.71 0 
9 11 0.78 0.79 1 
9 11 0.82 0.83 8
9 11 0.87 0.88 4
10 3 0.2 0.21 4
10 3 0.31 0.32 6
10 3 0.37 0.38 2
10 3 0.46 0.47 0
10 3 0.58 0.59 1
10 3 0.63 0.64 11
10 11 0.15 0.17 10
10 11 0.4 0.41 2
10 11 0.49 0.5 12
10 11 0.59 0.6 6
10 11 0.72 0.73 8
10 11 0.81 0.82 7
11 3 0.16 0.17 2
11 3 0.19 0.2 0
11 3 0.35 0.36 1
11 3 0.45 0.48 9
11 3 0.58 0.59 2
11 3 0.62 0.63 3
11 3 0.72 0.73 9
11 4 0.27 0.28 12
11 4 0.33 0.34 13
11 4 0.44 0.45 11
11 4 0.59 0.6 0
11 4 0.75 0.76 3
11 4 0.8 0.81 13
11 4 0.84 0.85 4
11 5 0.19 0.2 8
11 5 0.3 0.31 4
11 5 0.44 0.45 9
11 5 0.51 0.52 2
11 5 0.53 0.54 10
11 5 0.69 0.7 0
11 5 0.79 0.8 3
11 6 0.2 0.23 5 
11 6 0.4 0.41 9
11 6 0.58 0.59 10
11 6 0.67 0.68 4
11 6 0.69 0.7 2
11 6 0.77 0.78 11
11 6 0.82 0.83 2
11 7 0.14 0.15 3
11 7 0.24 0.25 5
11 7 0.48 0.49 9
11 7 0.6 0.61 1
11 7 0.7 0.71 2
11 7 0.76 0.77 4
11 7 0.8 0.81 9
11 8 0.2 0.21 4
11 8 0.24 0.25 5
11 8 0.38 0.39 10
11 8 0.44 0.45 13
11 8 0.6 0.61 12
11 8 0.69 0.71 6
11 8 0.8 0.81 4
11 9 0.23 0.24 2
11 9 0.4 0.41 1
11 9 0.5 0.51 4
11 9 0.55 0.56 3
11 9 0.63 0.65 9
11 9 0.76 0.77 4
11 9 0.8 0.81 13
11 10 0.15 0.16 4
11 10 0.19 0.20 3
11 10 0.4 0.41 11 
11 10 0.55 0.56 13
11 10 0.67 0.69 12
11 10 0.7 0.71 2
11 10 0.8 0.81 0
11 11 0.2 0.22 5
11 11 0.34 0.35 6
11 11 0.49 0.5 9
11 11 0.58 0.59 2
11 11 0.71 0.72 3
11 11 0.78 0.79 1
11 11 0.83 0.84 8
