7 7 0.5 0.51 2

7 6 0.5 0.51 0
7 8 0.5 0.51 0
6 7 0.5 0.51 2
6 6 0.44 0.45 1
6 6 0.53 0.55 2
6 8 0.47 0.48 3
6 8 0.52 0.54 4

7 5 0.43 0.45 2
7 5 0.48 0.51 5
7 5 0.58 0.59 9
7 9 0.4 0.41 3
7 9 0.5 0.51 8
7 9 0.55 0.56 6
6 5 0.42 0.45 1
6 5 0.46 0.47 10
6 5 0.55 0.56 8
6 9 0.48 0.49 7
6 9 0.49 0.50 9
6 9 0.58 0.6 11
5 5 0.39 0.41 4
5 5 0.5 0.51 4
5 5 0.55 0.58 9
5 6 0.41 0.42 0
5 6 0.54 0.55 6
5 6 0.56 0.57 4
5 7 0.44 0.45 1
5 7 0.48 0.5 2
5 7 0.55 0.58 3
5 8 0.4 0.42 12
5 8 0.5 0.52 2
5 8 0.56 0.58 12
5 9 0.49 0.5 3
5 9 0.52 0.53 6
5 9 0.59 0.6 7

7 4 0.34 0.35 1
7 4 0.4 0.41 2
7 4 0.49 0.51 4
7 4 0.6 0.61 6
7 10 0.3 0.31 8
7 10 0.4 0.41 2
7 10 0.5 0.51 12
7 10 0.53 0.55 11
6 4 0.42 0.44 1
6 4 0.5 0.52 0
6 4 0.55 0.56 13
6 4 0.62 0.63 10
6 10 0.35 0.36 1
6 10 0.43 0.44 5
6 10 0.55 0.56 6
6 10 0.65 0.66 4
5 4 0.31 0.32 6
5 4 0.37 0.39 8
5 4 0.41 0.43 4
5 4 0.6 0.62 3 
5 10 0.4 0.41 9
5 10 0.43 0.44 10
5 10 0.52 0.53 9
5 10 0.69 0.7 11
4 4 0.3 0.31 13
4 4 0.35 0.37 3
4 4 0.47 0.48 2
4 4 0.49 0.5 5
4 4 0.63 0.65 1
4 5 0.35 0.36 1
4 5 0.44 0.45 10
4 5 0.49 0.5 2
4 5 0.6 0.61 13
4 5 0.69 0.7 8
4 6 0.3 0.32 5
4 6 0.39 0.41 2
4 6 0.48 0.49 9
4 6 0.6 0.61 12
4 6 0.66 0.67 11
4 7 0.38 0.39 6
4 7 0.47 0.48 9
4 7 0.55 0.57 8
4 7 0.68 0.69 1
4 7 0.69 0.7 0
4 8 0.3 0.33 10
4 8 0.48 0.5 9
4 8 0.52 0.54 7
4 8 0.66 0.67 10
4 8 0.7 0.71 4
4 9 0.3 0.31 4
4 9 0.34 0.35 2
4 9 0.39 0.41 6
4 9 0.5 0.52 5
4 9 0.6 0.61 3
4 10 0.43 0.44 12
4 10 0.48 0.49 13
4 10 0.61 0.62 2
4 10 0.65 0.66 3
4 10 0.68 0.7 7

8 7 0.5 0.51 0
8 6 0.53 0.55 1
8 6 0.46 0.48 2
8 8 0.45 0.47 2
8 8 0.53 0.55 3

8 5 0.41 0.42 11
8 5 0.43 0.45 13
8 5 0.57 0.6 1
8 9 0.5 0.51 2
8 9 0.55 0.56 12
8 9 0.59 0.6 13
9 5 0.4 0.42 8
9 5 0.44 0.45 7
9 5 0.53 0.54 4
9 6 0.42 0.43 2
9 6 0.44 0.46 6
9 6 0.55 0.56 10
9 7 0.46 0.47 3
9 7 0.5 0.51 4
9 7 0.57 0.59 0
9 8 0.39 0.4 4
9 8 0.47 0.48 9
9 8 0.53 0.54 8
9 9 0.44 0.45 1
9 9 0.56 0.57 4
9 9 0.59 0.6 2

8 4 0.34 0.35 2
8 4 0.48 0.5 12
8 4 0.52 0.53 7
8 4 0.59 0.6 8
8 10 0.3 0.31 1
8 10 0.39 0.4 0
8 10 0.49 0.5 12
8 10 0.59 0.6 2
9 4 0.48 0.49 5
9 4 0.57 0.58 10
9 4 0.61 0.62 11
9 4 0.68 0.69 4
9 10 0.34 0.35 5
9 10 0.41 0.42 9
9 10 0.57 0.58 12
9 10 0.62 0.64 1
10 4 0.3 0.31 2
10 4 0.39 0.4 10
10 4 0.44 0.45 9
10 4 0.58 0.59 8
10 4 0.67 0.69 5
10 5 0.32 0.33 9
10 5 0.47 0.49 0
10 5 0.52 0.53 3
10 5 0.6 0.61 0
10 5 0.69 0.7 2
10 6 0.3 0.31 0
10 6 0.5 0.52 1
10 6 0.65 0.66 12
10 6 0.67 0.68 11
10 6 0.7 0.71 6
10 7 0.3 0.32 7
10 7 0.4 0.41 5
10 7 0.44 0.45 0
10 7 0.59 0.6 1
10 7 0.62 0.63 2
10 8 0.34 0.35 9
10 8 0.39 0.4 6
10 8 0.42 0.43 10
10 8 0.57 0.58 13
10 8 0.69 0.71 11
10 9 0.33 0.34 0
10 9 0.38 0.39 12
10 9 0.46 0.48 9
10 9 0.58 0.6 4
10 9 0.66 0.67 3
10 10 0.3 0.31 2
10 10 0.34 0.35 6
10 10 0.41 0.42 10
10 10 0.55 0.56 3
10 10 0.68 0.7 4

